1 0.5120192307692307 0.3425480769230769 0.23076923076923078 0.36778846153846156
1 0.40024038461538464 0.3076923076923077 0.2956730769230769 0.4375
1 0.13341346153846154 0.31490384615384615 0.2668269230769231 0.4230769230769231
1 0.040865384615384616 0.3641826923076923 0.08173076923076923 0.18509615384615385
1 0.3317307692307692 0.38341346153846156 0.24519230769230768 0.2860576923076923
1 0.18990384615384615 0.4387019230769231 0.22596153846153846 0.17548076923076922
1 0.06610576923076923 0.4723557692307692 0.13221153846153846 0.10817307692307693
1 0.8137019230769231 0.26322115384615385 0.36778846153846156 0.5264423076923077
1 0.078125 0.7632211538461539 0.15625 0.46875
1 0.3016826923076923 0.7632211538461539 0.6033653846153846 0.46875
0 0.8064903846153846 0.7632211538461539 0.35336538461538464 0.46875