1 0.0733173076923077 0.375 0.1466346153846154 0.4423076923076923
1 0.2848557692307692 0.38461538461538464 0.5216346153846154 0.4230769230769231
1 0.9002403846153846 0.19110576923076922 0.19471153846153846 0.38221153846153844
1 0.7163461538461539 0.24879807692307693 0.27403846153846156 0.49759615384615385
1 0.6141826923076923 0.15865384615384615 0.06971153846153846 0.20192307692307693
1 0.875 0.24759615384615385 0.24519230769230768 0.3798076923076923
1 0.7367788461538461 0.3389423076923077 0.25240384615384615 0.36778846153846156
1 0.6334134615384616 0.3605769230769231 0.10817307692307693 0.3076923076923077
1 0.4411057692307692 0.8737980769230769 0.27163461538461536 0.24759615384615385
1 0.1778846153846154 0.8677884615384616 0.3557692307692308 0.25961538461538464
1 0.07572115384615384 0.9483173076923077 0.15144230769230768 0.0985576923076923
1 0.39302884615384615 0.9483173076923077 0.2764423076923077 0.0985576923076923
0 0.7884615384615384 0.7980769230769231 0.4182692307692308 0.39903846153846156