1 0.5108173076923077 0.14423076923076922 0.18990384615384615 0.28846153846153844
1 0.41346153846153844 0.04447115384615385 0.28846153846153844 0.0889423076923077
1 0.13822115384615385 0.11658653846153846 0.2764423076923077 0.23317307692307693
1 0.34615384615384615 0.078125 0.2403846153846154 0.15625
1 0.20552884615384615 0.12860576923076922 0.21875 0.25721153846153844
1 0.07211538461538461 0.13341346153846154 0.14423076923076922 0.2668269230769231
1 0.8028846153846154 0.20793269230769232 0.3894230769230769 0.3581730769230769
1 0.5324519230769231 0.6790865384615384 0.1466346153846154 0.5793269230769231
1 0.4567307692307692 0.5793269230769231 0.28846153846153844 0.3798076923076923
1 0.15985576923076922 0.6514423076923077 0.31971153846153844 0.5240384615384616
1 0.0673076923076923 0.6069711538461539 0.1346153846153846 0.18028846153846154
1 0.38822115384615385 0.65625 0.23798076923076922 0.3557692307692308
1 0.24759615384615385 0.7632211538461539 0.21634615384615385 0.34615384615384615
1 0.09375 0.8040865384615384 0.1875 0.2860576923076923
1 0.7127403846153846 0.78125 0.2091346153846154 0.4326923076923077
1 0.8762019230769231 0.7764423076923077 0.24278846153846154 0.4423076923076923