1 0.4855769230769231 0.15264423076923078 0.1201923076923077 0.30528846153846156
1 0.40384615384615385 0.08774038461538461 0.28365384615384615 0.17548076923076922
1 0.19951923076923078 0.15264423076923078 0.39903846153846156 0.30528846153846156
1 0.08774038461538461 0.10817307692307693 0.17548076923076922 0.21634615384615385
1 0.4026442307692308 0.12620192307692307 0.2860576923076923 0.25240384615384615
1 0.30649038461538464 0.15745192307692307 0.28125 0.2956730769230769
1 0.14783653846153846 0.21514423076923078 0.2860576923076923 0.18028846153846154
1 0.9158653846153846 0.15865384615384615 0.16346153846153846 0.2932692307692308
1 0.7596153846153846 0.2091346153846154 0.4230769230769231 0.19230769230769232
0 0.27283653846153844 0.6526442307692307 0.5456730769230769 0.6899038461538461
1 0.7728365384615384 0.6526442307692307 0.4495192307692308 0.6899038461538461