1 0.41466346153846156 0.3858173076923077 0.1658653846153846 0.3389423076923077
1 0.21153846153846154 0.3629807692307692 0.4230769230769231 0.38461538461538464
1 0.1045673076923077 0.42788461538461536 0.2091346153846154 0.21634615384615385
1 0.3870192307692308 0.45552884615384615 0.22115384615384615 0.19951923076923078
1 0.26802884615384615 0.4963942307692308 0.28125 0.11778846153846154
1 0.11658653846153846 0.5120192307692307 0.23317307692307693 0.08653846153846154
0 0.7487980769230769 0.1346153846153846 0.49759615384615385 0.2692307692307692
0 0.27283653846153844 0.7776442307692307 0.4495192307692308 0.43990384615384615
1 0.8701923076923077 0.8137019230769231 0.2548076923076923 0.36778846153846156
1 0.8185096153846154 0.7776442307692307 0.3581730769230769 0.43990384615384615
1 0.6153846153846154 0.7776442307692307 0.23076923076923078 0.43990384615384615
1 0.7355769230769231 0.8353365384615384 0.30288461538461536 0.3245192307692308
1 0.6081730769230769 0.8762019230769231 0.21634615384615385 0.24278846153846154